train_N: 8000
validation_N: 800

minibatch-size: 50
epoch: 20

using GPU 

epoch       main/accuracy  validation/main/accuracy
1           0.637625       0.8325                    
2           0.87925        0.92125                   
3           0.932125       0.94                      
4           0.941          0.94625                   
5           0.952875       0.94                      
6           0.960875       0.94625                   
7           0.9615         0.94                      
8           0.963875       0.95875                   
9           0.969375       0.95875                   
10          0.967          0.96875                   
11          0.973          0.96                      
12          0.974251       0.9675                    
13          0.973875       0.96375                   
14          0.9755         0.96375                   
15          0.98           0.965                     
16          0.9755         0.97                      
17          0.98025        0.9775                    
18          0.9795         0.9775                    
19          0.981001       0.94875                   
20          0.9815         0.96625                   
execution time : 2630.20589113



model saved


input: 100*100

SUPERPOSITION
